generation,average_fitness,best_fitness,best_w,best_w_n,best_s_r,best_lambda
2018.03.14.12.18.57
Key: 17,3,465,29.62 | Score: 0.93910927;
Key: 13,3,481,19.29 | Score: 0.92615485;
Key: 6,3,129,14.18 | Score: 0.92809725;
Key: 14,3,244,29.14 | Score: 0.9239468;
Key: 1,3,360,12.05 | Score: 0.92000496;
Key: 1,3,451,20.79 | Score: 0.92107;
Key: 8,3,289,8.58 | Score: 0.9292206;
0,0.92680055,0.93910927,17,3,465,29.62
2018.03.14.12.31.50
2018.03.14.12.31.50
Key: 17,3,465,29.62 | Score: 0.93910927;
Key: 8,3,289,8.58 | Score: 0.9292206;
Key: 6,3,129,14.18 | Score: 0.92809725;
Key: 13,3,481,19.29 | Score: 0.92615485;
Key: 7,3,209,11.38 | Score: 0.9267133;
Key: 12,3,298,21.95 | Score: 0.9205754;
Key: 13,3,377,19.16 | Score: 0.92618847;
1,0.9280085,0.93910927,17,3,465,29.62
2018.03.14.12.37.31
2018.03.14.12.37.31
Key: 17,3,465,29.62 | Score: 0.93910927;
Key: 8,3,289,8.58 | Score: 0.9292206;
Key: 6,3,129,14.18 | Score: 0.92809725;
Key: 7,3,209,11.38 | Score: 0.9267133;
Key: 7,3,209,11.38 | Score: 0.9267133;
Key: 13,3,377,19.16 | Score: 0.92618847;
Key: 13,3,377,19.16 | Score: 0.92618847;
2,0.9288901,0.93910927,17,3,465,29.62
2018.03.14.12.37.31
2018.03.14.12.37.31
Key: 17,3,465,29.62 | Score: 0.93910927;
Key: 8,3,289,8.58 | Score: 0.9292206;
Key: 6,3,129,14.18 | Score: 0.92809725;
Key: 7,3,209,11.38 | Score: 0.9267133;
Key: 13,3,377,19.16 | Score: 0.92618847;
Key: 7,3,209,11.38 | Score: 0.9267133;
Key: 12,3,298,21.95 | Score: 0.9205754;
3,0.9280882,0.93910927,17,3,465,29.62
2018.03.14.12.37.31
2018.03.14.12.37.31
Key: 17,3,465,29.62 | Score: 0.93910927;
Key: 8,3,289,8.58 | Score: 0.9292206;
Key: 6,3,129,14.18 | Score: 0.92809725;
Key: 7,3,209,11.38 | Score: 0.9267133;
Key: 13,3,377,19.16 | Score: 0.92618847;
Key: 13,3,377,19.16 | Score: 0.92618847;
Key: 7,3,209,11.38 | Score: 0.9267133;
4,0.9288901,0.93910927,17,3,465,29.62
2018.03.14.12.37.31
