2018.02.07.19.57.27
generation,average_fitness,best_fitness,best_w,best_w_n,best_s_r,best_lambda
Key: 15,3,496,25.35 | Score: 0.88073105;
Key: 17,3,375,5.59 | Score: 0.84442306;
Key: 18,3,430,20.03 | Score: 0.83753467;
Key: 13,3,257,1.66 | Score: 0.90579695;
